1.09861228867
0.69314718056
0.69314718056
2.3978952728
1.09861228867
1.09861228867
2.19722457734
1.09861228867
1.38629436112
2.19722457734
1.09861228867
1.09861228867
1.09861228867
1.38629436112
1.09861228867
1.38629436112
1.38629436112
1.38629436112
1.38629436112
1.38629436112
1.38629436112
1.38629436112
1.38629436112
1.38629436112
1.38629436112
1.94591014906
1.60943791243
1.60943791243
1.94591014906
2.77258872224
1.38629436112
1.60943791243
1.60943791243
1.60943791243
1.79175946923
1.60943791243
2.56494935746
1.60943791243
1.60943791243
1.79175946923
1.60943791243
2.07944154168
2.07944154168
1.60943791243
1.79175946923
1.60943791243
2.48490664979
2.8903717579
1.79175946923
1.79175946923
1.79175946923
2.77258872224
1.79175946923
2.83321334406
2.56494935746
1.94591014906
2.07944154168
1.94591014906
1.94591014906
2.07944154168
1.94591014906
2.07944154168
1.94591014906
2.94443897917
2.19722457734
2.30258509299
1.94591014906
2.19722457734
1.94591014906
2.07944154168
2.19722457734
1.94591014906
1.94591014906
2.19722457734
2.07944154168
2.07944154168
2.07944154168
2.07944154168
2.07944154168
3.33220451018
2.30258509299
2.07944154168
2.19722457734
2.19722457734
2.19722457734
2.94443897917
2.19722457734
2.19722457734
2.19722457734
2.07944154168
2.19722457734
2.19722457734
2.30258509299
2.19722457734
2.30258509299
2.3978952728
2.56494935746
2.3978952728
2.3978952728
2.77258872224
2.83321334406
3.09104245336
2.3978952728
2.94443897917
2.30258509299
3.36729582999
3.21887582487
2.30258509299
2.30258509299
2.30258509299
2.30258509299
2.3978952728
4.07753744391
2.56494935746
2.3978952728
2.3978952728
2.3978952728
2.3978952728
2.48490664979
2.48490664979
3.7135720667
2.30258509299
2.3978952728
2.48490664979
2.83321334406
2.63905732962
2.56494935746
3.17805383035
3.17805383035
2.3978952728
2.3978952728
2.7080502011
2.3978952728
2.56494935746
2.48490664979
2.3978952728
2.48490664979
3.89182029811
2.3978952728
2.48490664979
2.8903717579
2.3978952728
2.56494935746
2.56494935746
3.25809653802
2.30258509299
2.63905732962
2.7080502011
2.7080502011
2.56494935746
2.63905732962
2.56494935746
2.56494935746
2.56494935746
3.43398720449
2.56494935746
2.56494935746
2.3978952728
2.7080502011
2.77258872224
2.56494935746
3.61091791264
2.8903717579
3.17805383035
2.99573227355
2.56494935746
2.48490664979
2.77258872224
2.7080502011
3.97029191355
2.7080502011
2.7080502011
2.7080502011
2.83321334406
2.56494935746
2.83321334406
2.7080502011
2.94443897917
3.09104245336
2.83321334406
2.99573227355
2.7080502011
2.83321334406
2.99573227355
2.77258872224
3.33220451018
3.7135720667
2.99573227355
2.7080502011
2.83321334406
2.8903717579
2.83321334406
2.8903717579
2.94443897917
2.77258872224
2.83321334406
2.94443897917
3.17805383035
2.94443897917
4.2341065046
2.7080502011
2.77258872224
2.7080502011
2.77258872224
3.295836866
2.77258872224
2.77258872224
3.66356164613
2.83321334406
3.95124371858
2.77258872224
2.83321334406
2.99573227355
2.8903717579
2.77258872224
3.17805383035
2.99573227355
2.8903717579
2.83321334406
4.04305126783
2.7080502011
2.94443897917
3.55534806149
2.94443897917
3.66356164613
3.52636052462
2.99573227355
3.55534806149
2.83321334406
3.04452243772
2.99573227355
3.49650756147
2.94443897917
3.09104245336
2.8903717579
3.21887582487
2.8903717579
2.94443897917
2.8903717579
3.09104245336
2.94443897917
2.8903717579
3.17805383035
3.04452243772
3.09104245336
3.09104245336
2.83321334406
2.83321334406
2.83321334406
2.99573227355
3.21887582487
3.21887582487
2.99573227355
3.13549421593
3.33220451018
3.17805383035
2.8903717579
2.99573227355
3.04452243772
3.09104245336
3.09104245336
3.04452243772
3.04452243772
3.21887582487
2.8903717579
2.8903717579
2.8903717579
3.58351893846
3.09104245336
3.25809653802
3.76120011569
2.94443897917
2.94443897917
3.98898404656
3.17805383035
3.295836866
3.09104245336
3.13549421593
2.99573227355
3.09104245336
2.8903717579
2.8903717579
2.94443897917
3.17805383035
3.25809653802
3.13549421593
3.49650756147
3.25809653802
3.25809653802
3.09104245336
3.78418963392
3.04452243772
4.11087386417
4.49980967033
3.66356164613
3.66356164613
2.99573227355
3.63758615973
3.13549421593
3.13549421593
3.17805383035
3.98898404656
3.25809653802
3.49650756147
3.91202300543
3.85014760171
3.13549421593
3.13549421593
3.52636052462
3.61091791264
3.25809653802
3.17805383035
3.76120011569
3.13549421593
3.13549421593
4.02535169074
3.66356164613
3.13549421593
3.21887582487
3.13549421593
3.17805383035
3.36729582999
3.55534806149
3.13549421593
3.21887582487
3.73766961828
3.09104245336
3.25809653802
3.21887582487
3.17805383035
3.04452243772
3.40119738166
3.73766961828
3.17805383035
3.40119738166
2.99573227355
3.33220451018
3.33220451018
3.36729582999
3.40119738166
3.52636052462
3.40119738166
3.04452243772
3.09104245336
3.36729582999
3.78418963392
4.14313472639
3.25809653802
3.58351893846
3.25809653802
3.40119738166
3.295836866
3.33220451018
3.4657359028
3.295836866
3.4657359028
3.33220451018
3.295836866
3.17805383035
3.33220451018
3.36729582999
3.17805383035
3.36729582999
3.21887582487
4.14313472639
3.295836866
3.33220451018
3.58351893846
3.36729582999
3.40119738166
3.25809653802
3.09104245336
3.4657359028
3.4657359028
3.43398720449
3.49650756147
3.36729582999
3.33220451018
3.63758615973
3.73766961828
4.34380542185
3.40119738166
3.25809653802
3.25809653802
3.33220451018
3.52636052462
3.58351893846
3.25809653802
3.93182563272
3.43398720449
3.295836866
3.91202300543
3.40119738166
3.21887582487
4.15888308336
3.33220451018
3.80666248977
3.36729582999
3.21887582487
3.63758615973
3.40119738166
3.21887582487
3.43398720449
3.95124371858
4.11087386417
3.43398720449
3.295836866
3.4657359028
4.11087386417
3.4657359028
3.58351893846
3.295836866
3.4657359028
3.25809653802
3.58351893846
3.55534806149
3.36729582999
3.49650756147
3.66356164613
3.36729582999
3.55534806149
3.40119738166
4.04305126783
3.55534806149
3.49650756147
3.295836866
4.02535169074
3.52636052462
4.02535169074
3.33220451018
3.63758615973
3.52636052462
3.43398720449
3.36729582999
3.52636052462
3.95124371858
3.55534806149
4.11087386417
3.52636052462
3.55534806149
3.36729582999
3.80666248977
3.40119738166
3.43398720449
4.45434729625
4.11087386417
3.49650756147
3.43398720449
3.58351893846
3.85014760171
3.95124371858
3.49650756147
4.04305126783
4.24849524205
3.87120101091
3.68887945411
3.43398720449
3.58351893846
3.66356164613
3.55534806149
3.66356164613
3.58351893846
3.58351893846
3.97029191355
3.68887945411
5.29831736655
3.73766961828
3.63758615973
3.52636052462
3.55534806149
3.73766961828
3.55534806149
4.7184988713
4.1743872699
3.61091791264
3.87120101091
3.73766961828
3.78418963392
3.55534806149
4.40671924726
4.18965474203
3.76120011569
3.61091791264
3.85014760171
3.55534806149
3.78418963392
3.89182029811
3.66356164613
3.73766961828
3.89182029811
3.73766961828
3.93182563272
4.02535169074
4.58496747867
3.78418963392
3.89182029811
3.4657359028
4.21950770518
3.91202300543
3.89182029811
3.52636052462
3.76120011569
3.89182029811
3.68887945411
3.63758615973
3.58351893846
3.78418963392
4.46590811865
3.73766961828
4.39444915467
3.87120101091
3.58351893846
3.73766961828
4.11087386417
4.27666611902
3.7135720667
3.63758615973
3.63758615973
3.66356164613
3.73766961828
3.98898404656
3.76120011569
4.63472898823
3.49650756147
5.09375020081
3.66356164613
3.85014760171
3.73766961828
3.82864139649
3.52636052462
3.78418963392
3.63758615973
3.66356164613
3.7135720667
4.31748811354
4.45434729625
3.68887945411
3.66356164613
3.87120101091
4.29045944115
3.61091791264
4.63472898823
3.85014760171
4.24849524205
4.35670882669
3.78418963392
3.63758615973
3.78418963392
4.45434729625
4.1743872699
3.97029191355
4.18965474203
3.58351893846
3.80666248977
3.63758615973
4.18965474203
4.18965474203
3.63758615973
3.89182029811
4.31748811354
4.20469261939
4.33073334029
3.66356164613
4.94875989038
4.38202663467
3.7135720667
3.73766961828
3.66356164613
3.87120101091
3.66356164613
3.85014760171
3.95124371858
4.31748811354
4.02535169074
3.61091791264
3.73766961828
3.82864139649
3.78418963392
4.3040650932
4.74493212836
3.82864139649
4.09434456222
4.38202663467
4.4188406078
3.73766961828
3.76120011569
4.04305126783
3.91202300543
3.85014760171
4.29045944115
4.06044301055
4.02535169074
4.14313472639
4.35670882669
3.63758615973
5.40717177146
4.26267987704
4.94875989038
3.91202300543
3.85014760171
3.73766961828
3.87120101091
4.51085950652
4.33073334029
3.85014760171
4.15888308336
4.07753744391
4.04305126783
4.2341065046
3.73766961828
3.76120011569
4.04305126783
3.89182029811
3.7135720667
4.21950770518
3.82864139649
4.21950770518
3.80666248977
4.63472898823
4.04305126783
4.5747109785
3.95124371858
3.95124371858
4.38202663467
4.12713438505
3.85014760171
4.62497281328
4.48863636973
3.95124371858
3.89182029811
4.26267987704
4.07753744391
4.61512051684
3.89182029811
3.87120101091
3.89182029811
4.5538768916
4.07753744391
3.97029191355
4.06044301055
4.07753744391
3.87120101091
4.07753744391
5.91350300564
3.87120101091
3.82864139649
3.95124371858
3.93182563272
4.29045944115
3.68887945411
4.12713438505
3.97029191355
3.93182563272
3.82864139649
3.85014760171
3.80666248977
3.97029191355
3.73766961828
3.97029191355
4.15888308336
4.04305126783
4.14313472639
4.06044301055
3.98898404656
4.04305126783
4.00733318523
4.04305126783
4.40671924726
4.20469261939
3.95124371858
3.93182563272
4.47733681448
4.14313472639
3.87120101091
3.95124371858
4.26267987704
5.06259503303
4.2341065046
4.43081679884
4.3040650932
4.5538768916
3.98898404656
3.91202300543
3.85014760171
4.06044301055
4.63472898823
4.04305126783
4.04305126783
4.20469261939
4.00733318523
4.43081679884
4.46590811865
4.14313472639
4.3040650932
3.91202300543
3.82864139649
3.98898404656
4.07753744391
4.09434456222
4.00733318523
4.04305126783
4.06044301055
5.08759633523
4.09434456222
4.15888308336
4.00733318523
4.11087386417
3.78418963392
4.1743872699
4.94164242261
4.26267987704
4.51085950652
4.3040650932
4.20469261939
4.8283137373
4.31748811354
4.14313472639
4.63472898823
4.5538768916
4.12713438505
4.27666611902
4.11087386417
4.80402104473
4.63472898823
4.36944785247
4.15888308336
4.06044301055
4.2341065046
4.12713438505
4.26267987704
4.26267987704
3.97029191355
4.47733681448
3.82864139649
4.20469261939
4.11087386417
5.05624580535
4.07753744391
4.2341065046
4.21950770518
4.91998092583
4.15888308336
4.14313472639
4.69134788223
4.20469261939
4.59511985013
3.95124371858
3.97029191355
4.06044301055
4.20469261939
4.09434456222
3.98898404656
4.21950770518
4.11087386417
4.00733318523
3.91202300543
3.78418963392
4.45434729625
4.49980967033
4.09434456222
4.3040650932
4.34380542185
4.39444915467
4.09434456222
4.15888308336
4.15888308336
4.61512051684
4.20469261939
3.78418963392
4.49980967033
4.09434456222
4.53259949315
4.20469261939
4.49980967033
4.18965474203
4.2341065046
4.20469261939
4.52178857705
4.5747109785
5.27299955856
4.21950770518
4.20469261939
4.59511985013
4.00733318523
4.12713438505
4.80402104473
3.97029191355
3.93182563272
3.95124371858
4.73619844839
4.09434456222
4.51085950652
4.34380542185
4.20469261939
4.26267987704
4.44265125649
4.18965474203
4.06044301055
4.62497281328
4.54329478227
4.15888308336
4.73619844839
4.29045944115
4.15888308336
5.04985600725
4.12713438505
4.2341065046
4.2341065046
4.14313472639
4.5747109785
4.33073334029
4.20469261939
4.64439089914
4.43081679884
4.09434456222
4.14313472639
4.3040650932
4.61512051684
4.20469261939
4.44265125649
4.93447393313
4.33073334029
4.06044301055
4.18965474203
4.7184988713
4.21950770518
4.1743872699
4.27666611902
4.09434456222
4.49980967033
4.29045944115
4.89783979995
3.97029191355
4.21950770518
4.75359019111
4.36944785247
4.3040650932
4.20469261939
4.56434819147
4.02535169074
6.0185932145
4.1743872699
4.33073334029
4.09434456222
4.66343909411
4.26267987704
4.81218435537
4.31748811354
4.00733318523
4.27666611902
4.00733318523
4.11087386417
4.43081679884
4.58496747867
4.12713438505
4.29045944115
5.62762111369
4.15888308336
4.4188406078
4.29045944115
4.67282883446
4.67282883446
4.63472898823
4.18965474203
4.36944785247
4.24849524205
4.15888308336
4.20469261939
4.24849524205
4.65396035016
4.34380542185
4.60517018599
4.26267987704
4.2341065046
4.11087386417
4.36944785247
4.21950770518
4.60517018599
4.45434729625
4.74493212836
4.99721227376
4.24849524205
4.27666611902
5.36597601502
4.48863636973
3.97029191355
6.0161571597
4.64439089914
4.64439089914
4.27666611902
4.82028156561
4.70953020131
4.15888308336
4.20469261939
4.21950770518
4.36944785247
4.26267987704
4.1743872699
4.3040650932
4.81218435537
4.43081679884
4.38202663467
4.75359019111
4.65396035016
4.35670882669
4.3040650932
4.77068462447
4.7184988713
4.27666611902
4.63472898823
4.11087386417
3.98898404656
4.99721227376
4.21950770518
4.31748811354
4.36944785247
4.38202663467
4.66343909411
4.36944785247
4.35670882669
4.84418708646
4.3040650932
4.27666611902
4.62497281328
4.89783979995
4.54329478227
4.4188406078
4.34380542185
5.13579843705
4.84418708646
4.85203026392
4.4188406078
4.7957905456
4.20469261939
4.33073334029
4.92725368516
4.18965474203
4.59511985013
4.80402104473
4.21950770518
4.51085950652
4.15888308336
4.45434729625
4.33073334029
5.24174701506
4.20469261939
4.44265125649
4.46590811865
4.44265125649
4.43081679884
4.3040650932
4.78749174278
4.77068462447
4.73619844839
4.80402104473
4.44265125649
4.72738781871
4.38202663467
4.67282883446
5.09986642782
4.8751973232
4.48863636973
4.48863636973
4.3040650932
4.77068462447
4.46590811865
4.11087386417
4.39444915467
4.38202663467
4.35670882669
4.75359019111
4.44265125649
4.36944785247
4.5747109785
4.62497281328
4.35670882669
4.33073334029
5.25749537203
4.06044301055
4.56434819147
4.54329478227
4.43081679884
4.97673374242
4.44265125649
4.52178857705
5.09986642782
4.49980967033
4.36944785247
4.38202663467
4.47733681448
4.82028156561
4.81218435537
4.51085950652
4.56434819147
4.73619844839
4.47733681448
4.45434729625
4.29045944115
4.21950770518
4.40671924726
4.91998092583
4.47733681448
4.58496747867
4.63472898823
4.36944785247
4.84418708646
4.64439089914
4.47733681448
4.45434729625
4.56434819147
4.11087386417
5.84643877506
4.91998092583
4.5747109785
4.40671924726
4.26267987704
4.46590811865
4.36944785247
4.27666611902
4.56434819147
4.48863636973
4.26267987704
4.3040650932
4.33073334029
4.52178857705
4.27666611902
4.59511985013
4.44265125649
4.4188406078
4.91265488574
4.47733681448
4.93447393313
4.54329478227
4.65396035016
4.12713438505
4.24849524205
4.26267987704
5.03695260241
4.96284463026
4.51085950652
5.06890420222
4.31748811354
4.1743872699
4.40671924726
4.27666611902
4.72738781871
5.05624580535
4.96284463026
4.7957905456
4.49980967033
4.47733681448
4.44265125649
4.43081679884
4.5538768916
4.53259949315
4.59511985013
4.54329478227
5.1532915945
4.65396035016
4.77068462447
4.36944785247
4.98360662171
4.47733681448
4.46590811865
4.8751973232
4.26267987704
4.56434819147
4.29045944115
4.73619844839
4.52178857705
4.61512051684
5.1059454739
4.49980967033
4.47733681448
4.33073334029
4.92725368516
4.97673374242
4.36944785247
4.4188406078
4.86753445046
4.77068462447
4.63472898823
4.12713438505
4.45434729625
4.5538768916
4.7184988713
4.53259949315
4.67282883446
4.9558270576
4.73619844839
4.60517018599
4.43081679884
4.60517018599
4.94164242261
5.01727983681
4.66343909411
4.82028156561
4.33073334029
4.63472898823
4.40671924726
4.39444915467
4.5538768916
4.69134788223
4.75359019111
4.85981240436
5.00394630595
4.99043258678
4.9558270576
4.68213122712
4.56434819147
5.01727983681
4.45434729625
5.1416635565
5.26785815906
4.5747109785
4.51085950652
4.67282883446
4.54329478227
5.0106352941
4.67282883446
4.77068462447
4.89783979995
4.65396035016
4.63472898823
4.2341065046
4.85981240436
4.66343909411
4.53259949315
4.69134788223
4.63472898823
5.0106352941
4.70048036579
4.69134788223
4.75359019111
4.60517018599
4.5747109785
4.45434729625
4.52178857705
5.11198778836
4.99043258678
4.7957905456
4.67282883446
5.14749447681
4.97673374242
5.38449506279
4.5538768916
4.51085950652
5.66642668811
4.4188406078
4.93447393313
4.45434729625
4.66343909411
5.00394630595
4.64439089914
5.64190707094
4.69134788223
4.5747109785
4.7184988713
5.12989871492
4.99721227376
4.59511985013
4.73619844839
4.91998092583
4.38202663467
4.51085950652
4.66343909411
4.67282883446
4.66343909411
4.67282883446
4.58496747867
5.83773044717
4.67282883446
4.7621739348
5.0106352941
5.03695260241
4.69134788223
4.67282883446
5.29831736655
5.02388052085
4.54329478227
4.67282883446
4.33073334029
4.46590811865
4.54329478227
4.5538768916
4.49980967033
5.37527840768
4.66343909411
4.20469261939
4.61512051684
4.84418708646
4.66343909411
5.17048399504
4.77912349311
4.67282883446
4.61512051684
4.98360662171
4.99043258678
5.03695260241
4.4188406078
4.7621739348
4.64439089914
4.74493212836
5.24174701506
4.84418708646
4.98360662171
5.17614973257
4.81218435537
4.67282883446
4.77912349311
5.42934562895
4.53259949315
4.59511985013
4.90527477844
4.60517018599
4.69134788223
5.69035945432
4.66343909411
4.86753445046
4.99721227376
5.2626901889
4.63472898823
4.83628190695
4.72738781871
5.01727983681
5.40267738187
5.03043792139
4.64439089914
4.66343909411
5.22035582508
4.85981240436
4.96284463026
4.74493212836
4.80402104473
4.39444915467
5.01727983681
5.27811465923
5.3375380797
4.12713438505
4.44265125649
5.08759633523
4.85203026392
4.47733681448
5.17048399504
4.74493212836
4.69134788223
4.60517018599
4.43081679884
4.5747109785
4.89034912822
4.4188406078
4.82028156561
4.60517018599
4.80402104473
5.07517381523
5.48479693349
5.38449506279
4.5538768916
4.69134788223
4.73619844839
5.09375020081
5.91620206261
4.81218435537
4.7957905456
4.78749174278
4.89783979995
4.88280192259
4.4188406078
4.7621739348
4.86753445046
5.56834450376
4.77912349311
5.0106352941
5.37527840768
5.598421959
4.66343909411
4.70953020131
4.78749174278
4.7957905456
5.02388052085
4.94164242261
4.69134788223
4.49980967033
5.08140436498
4.75359019111
5.34233425196
4.81218435537
4.65396035016
4.59511985013
4.60517018599
4.80402104473
4.59511985013
5.03043792139
5.19295685089
4.94875989038
4.64439089914
4.63472898823
5.02388052085
4.84418708646
4.84418708646
5.45958551414
4.52178857705
4.7957905456
5.14749447681
4.47733681448
5.18178355029
4.7184988713
5.18178355029
6.67708346125
5.19849703127
4.91265488574
4.89783979995
4.7957905456
4.67282883446
4.80402104473
4.88280192259
4.68213122712
4.70953020131
4.59511985013
4.88280192259
4.67282883446
5.5490760849
4.77068462447
5.23644196283
5.11198778836
4.92725368516
4.89783979995
4.75359019111
4.89783979995
4.84418708646
4.68213122712
5.27299955856
6.12029741895
5.2626901889
4.7957905456
4.66343909411
5.53338948873
4.48863636973
4.72738781871
5.1059454739
5.19295685089
4.77912349311
4.99043258678
4.70953020131
4.96981329958
4.5747109785
5.02388052085
4.77912349311
5.1532915945
5.28826703069
5.21493575761
4.75359019111
4.92725368516
4.53259949315
5.07517381523
4.70048036579
4.65396035016
5.39816270152
4.70048036579
5.07517381523
4.98360662171
4.86753445046
5.24702407216
4.48863636973
5.09375020081
5.14749447681
4.77068462447
4.73619844839
4.70953020131
4.72738781871
5.03695260241
5.1239639794
5.17614973257
5.04342511692
4.85203026392
4.73619844839
4.59511985013
4.91998092583
5.1239639794
4.81218435537
4.66343909411
4.64439089914
4.67282883446
4.89783979995
4.94875989038
5.18178355029
4.83628190695
5.19295685089
4.70953020131
4.61512051684
5.03695260241
4.60517018599
4.94875989038
5.19295685089
5.21493575761
4.74493212836
5.08140436498
4.7184988713
5.07517381523
5.12989871492
4.69134788223
5.37989735354
5.45103845357
4.80402104473
5.84932477995
4.64439089914
5.05624580535
4.8283137373
5.64544689764
5.26785815906
4.63472898823
5.08759633523
5.00394630595
5.19849703127
5.74939298591
5.27811465923
5.34233425196
5.06890420222
5.12989871492
4.58496747867
4.69134788223
5.17048399504
5.72031177661
4.8283137373
5.3082676974
5.53733426702
4.99721227376
4.7621739348
4.92725368516
5.11198778836
4.8283137373
4.94164242261
4.78749174278
4.96981329958
4.91265488574
4.93447393313
5.19295685089
4.81218435537
5.21493575761
4.88280192259
4.96981329958
5.36129216571
5.19849703127
5.08140436498
5.16478597392
5.48479693349
4.83628190695
5.17614973257
5.69709348651
4.77068462447
5.18178355029
5.15905529921
5.05624580535
4.96284463026
4.64439089914
4.93447393313
4.96284463026
4.85981240436
5.09375020081
5.23644196283
4.94164242261
6.00881318544
5.00394630595
4.91998092583
4.99043258678
4.99721227376
5.09986642782
4.98360662171
4.66343909411
4.70048036579
5.39362754635
4.77068462447
5.20948615284
4.88280192259
4.66343909411
4.91265488574
5.34233425196
5.36129216571
4.74493212836
4.56434819147
4.98360662171
5.38907172982
5.598421959
4.98360662171
5.18738580584
5.24174701506
4.9558270576
4.89034912822
5.09986642782
5.04985600725
4.69134788223
4.92725368516
5.66296048014
4.88280192259
5.64897423816
4.94164242261
5.26785815906
4.96981329958
4.99043258678
4.98360662171
5.71702770141
5.03695260241
5.26785815906
5.07517381523
4.59511985013
5.17614973257
5.28320372874
5.1416635565
4.82028156561
4.72738781871
5.29831736655
4.81218435537
5.09986642782
5.06890420222
5.4161004022
5.31320597904
5.31320597904
4.8283137373
5.1416635565
5.66642668811
5.7333412769
5.31320597904
4.73619844839
5.03695260241
5.45532111536
5.82008293035
5.4161004022
4.99721227376
4.91998092583
5.23644196283
4.91998092583
5.09375020081
5.24174701506
4.7957905456
4.89034912822
5.53338948873
4.94875989038
4.77068462447
5.07517381523
4.75359019111
5.9788857649
5.35185813348
4.85203026392
4.86753445046
5.28320372874
4.89783979995
5.59098698051
5.01727983681
4.86753445046
5.06890420222
4.7957905456
4.7621739348
4.99721227376
4.81218435537
4.65396035016
4.5538768916
5.84932477995
4.70048036579
4.99721227376
4.90527477844
4.94875989038
4.62497281328
4.7621739348
4.97673374242
4.54329478227
5.1239639794
5.05624580535
5.21493575761
5.42053499927
4.89034912822
5.04985600725
4.8283137373
5.56452040732
4.99721227376
5.37527840768
5.06259503303
5.03043792139
4.84418708646
5.27299955856
5.43807930892
5.1059454739
5.30330490806
5.31811999384
4.94164242261
5.70044357339
5.22574667371
4.99721227376
5.53338948873
4.9558270576
5.11799381242
5.02388052085
5.19295685089
4.58496747867
4.91265488574
4.98360662171
4.89783979995
5.09375020081
4.7957905456
5.06259503303
5.08140436498
6.03548143252
5.06890420222
5.39816270152
4.85203026392
4.5747109785
4.92725368516
5.95842469303
5.48479693349
4.74493212836
5.43372200355
5.35658627467
5.14749447681
5.00394630595
5.56452040732
5.43807930892
5.41164605186
4.99043258678
5.1239639794
5.52146091786
5.49306144334
5.32300997914
4.96981329958
5.17614973257
4.85203026392
5.05624580535
4.8283137373
5.23110861685
5.37989735354
4.82028156561
4.93447393313
6.45362499889
4.93447393313
4.98360662171
5.4161004022
4.96981329958
4.85981240436
5.04342511692
5.27811465923
4.65396035016
5.13579843705
5.41164605186
5.34233425196
4.96284463026
5.16478597392
5.17614973257
5.23644196283
4.98360662171
5.36129216571
4.77068462447
5.1059454739
5.68697535634
5.5872486584
5.50125821054
5.07517381523
5.43807930892
5.06890420222
5.24702407216
5.23110861685
4.99721227376
5.21493575761
4.48863636973
5.54517744448
5.94017125272
5.42053499927
4.90527477844
4.96981329958
5.22035582508
4.48863636973
5.81114099298
4.99043258678
4.89783979995
4.9558270576
5.27811465923
4.99721227376
4.9558270576
5.27299955856
5.08140436498
5.0106352941
5.18178355029
5.20400668708
5.12989871492
5.15905529921
5.16478597392
5.09986642782
4.96981329958
5.47646355193
4.77068462447
5.98645200528
5.01727983681
5.19295685089
6.05678401323
5.20400668708
5.11799381242
5.12989871492
5.28320372874
5.21493575761
4.72738781871
5.3375380797
5.11198778836
4.90527477844
5.07517381523
5.43807930892
5.17614973257
5.1416635565
5.04342511692
5.32787616879
5.06259503303
5.09986642782
5.17614973257
5.24174701506
5.90536184805
5.21493575761
5.08759633523
4.96981329958
5.04985600725
4.99043258678
5.09986642782
8.06085575293
5.14749447681
5.16478597392
5.33271879327
5.46383180503
5.22035582508
4.92725368516
5.98393628069
5.25227342805
5.29330482472
5.03695260241
4.99043258678
5.11198778836
5.0106352941
5.17048399504
5.27299955856
5.1059454739
5.02388052085
6.31535800152
5.54126354516
5.34710753072
5.51342874616
5.53338948873
5.1416635565
5.39816270152
5.53338948873
4.93447393313
5.40267738187
5.43372200355
5.08759633523
5.60211882088
5.51745289646
5.18178355029
4.92725368516
4.98360662171
5.54517744448
5.87773578178
5.18178355029
5.37989735354
4.94164242261
4.99043258678
5.03695260241
5.09986642782
5.36129216571
5.23110861685
5.1239639794
4.94164242261
5.52942908751
5.33271879327
5.33271879327
5.20400668708
5.16478597392
5.25749537203
5.22035582508
5.5490760849
5.37063802813
5.08759633523
5.1532915945
5.18738580584
5.3082676974
5.19295685089
5.18178355029
4.98360662171
5.51745289646
5.1059454739
5.19849703127
5.20948615284
5.21493575761
5.13579843705
5.5490760849
5.62040086572
5.25227342805
4.88280192259
6.05678401323
5.15905529921
5.00394630595
4.66343909411
5.05624580535
5.29330482472
5.92157841964
5.63835466933
5.04342511692
4.98360662171
5.15905529921
4.75359019111
4.99043258678
5.08759633523
5.96870755999
5.69709348651
5.3082676974
5.19849703127
4.7957905456
5.27299955856
5.17048399504
5.15905529921
5.31811999384
5.63478960317
5.11198778836
5.27299955856
4.98360662171
5.19295685089
5.49306144334
5.22035582508
5.17048399504
5.2626901889
5.22035582508
5.1532915945
5.32300997914
5.1059454739
5.54126354516
5.06259503303
5.28320372874
4.94164242261
5.31320597904
5.47646355193
5.29330482472
5.04985600725
5.18178355029
5.36597601502
5.27811465923
5.00394630595
5.56834450376
5.43372200355
5.53338948873
5.20400668708
5.66988092298
4.91265488574
5.28320372874
5.75574221359
5.00394630595
5.2626901889
4.96284463026
5.31320597904
5.20400668708
5.22035582508
5.45103845357
4.91998092583
5.03043792139
5.598421959
5.83773044717
5.96357934362
6.0730445341
5.14749447681
5.61677109767
5.04342511692
5.37989735354
5.15905529921
5.07517381523
5.37989735354
6.14632925767
5.31320597904
5.16478597392
5.25227342805
5.41164605186
5.66642668811
5.42934562895
5.06890420222
5.28320372874
4.93447393313
5.16478597392
5.11198778836
5.22574667371
5.43372200355
5.43807930892
5.1416635565
6.0799331951
5.28826703069
5.66296048014
5.92157841964
5.25227342805
5.55295958492
5.68357976734
5.66642668811
5.1059454739
5.62762111369
5.56452040732
5.27811465923
5.38449506279
5.20400668708
5.18178355029
5.24702407216
5.1532915945
5.598421959
4.61512051684
5.08140436498
5.06259503303
5.68017260902
5.77455154554
5.08140436498
5.71373280551
5.54126354516
5.3375380797
5.54517744448
5.19849703127
5.17048399504
5.49306144334
5.31811999384
5.35658627467
5.42053499927
5.03043792139
5.64190707094
5.49716822529
5.6058020663
5.57594910315
5.40267738187
4.82028156561
5.64544689764
5.44241771052
5.27811465923
5.11799381242
5.66988092298
5.58349630878
4.97673374242
5.86929691313
5.37527840768
5.14749447681
5.36129216571
5.35658627467
5.22035582508
5.29330482472
5.53733426702
5.25227342805
5.20400668708
5.38907172982
4.96981329958
5.21493575761
5.59098698051
5.27811465923
5.55295958492
5.16478597392
5.92425579741
5.26785815906
5.3082676974
5.48063892334
5.60211882088
5.61677109767
5.22574667371
5.11799381242
5.34710753072
5.78074351579
5.94279937513
6.77536609094
5.18738580584
5.13579843705
5.24174701506
4.70953020131
5.3082676974
5.64190707094
5.33271879327
5.52146091786
4.9558270576
5.49716822529
5.46383180503
5.66988092298
4.96981329958
5.07517381523
5.41164605186
5.05624580535
5.72684774759
5.20948615284
5.52146091786
5.09986642782
5.77455154554
5.45958551414
5.1416635565
5.22574667371
5.27811465923
5.34233425196
5.83481073706
5.36129216571
5.26785815906
5.64544689764
5.16478597392
5.42495001748
5.61677109767
5.39816270152
5.67675380227
5.49306144334
5.24174701506
5.33271879327
5.09375020081
5.31811999384
5.50938833663
5.42495001748
5.26785815906
5.37989735354
5.56452040732
5.45958551414
5.42053499927
5.28826703069
5.51342874616
4.91998092583
5.44241771052
5.73657229748
5.44673737167
5.37989735354
5.22035582508
5.56068163102
5.74939298591
5.50125821054
5.30330490806
5.19295685089
5.44673737167
5.22035582508
5.35185813348
5.86646805693
5.52942908751
5.40267738187
5.41164605186
5.37989735354
5.56068163102
4.7184988713
5.46383180503
5.76205138278
5.47227067367
5.3082676974
5.55295958492
6.26909628371
5.17614973257
5.63835466933
5.94803498918
5.62040086572
5.99146454711
5.38449506279
5.03043792139
5.37989735354
5.22035582508
5.48479693349
5.0106352941
5.12989871492
5.48479693349
5.53733426702
5.83481073706
5.1532915945
5.50533153593
5.68357976734
5.21493575761
5.89164421183
5.17614973257
5.18178355029
5.75574221359
5.22574667371
5.65948221576
5.69709348651
5.27299955856
5.44241771052
5.5947113796
5.06890420222
5.47227067367
5.6058020663
5.42495001748
5.26785815906
5.79301360838
6.38856140555
5.92692602597
5.37989735354
5.41164605186
5.52545293913
5.24702407216
5.20948615284
5.12989871492
6.21260609575
5.1059454739
5.16478597392
5.57594910315
5.37063802813
5.25749537203
5.42053499927
6.00388706711
5.64190707094
5.05624580535
5.44241771052
5.71042701737
5.53733426702
5.73979291218
5.62040086572
4.97673374242
5.31320597904
5.54126354516
5.59098698051
5.73979291218
5.45103845357
5.42934562895
5.86929691313
5.28320372874
5.44241771052
5.80211837538
5.42934562895
5.44241771052
5.38907172982
5.17614973257
5.74620319054
5.66296048014
5.54126354516
6.15909538849
6.11368217983
4.94875989038
5.84643877506
5.1239639794
5.97126183979
5.57594910315
5.41164605186
5.39362754635
5.54517744448
5.17048399504
5.43372200355
5.1059454739
5.42053499927
5.99645208862
5.5568280617
6.29710931993
5.43807930892
5.8805329864
5.53733426702
5.52146091786
5.63121178182
5.40717177146
5.68017260902
6.34212141872
5.96100533962
5.73657229748
6.23244801655
5.47227067367
5.76205138278
5.75574221359
5.72684774759
5.44241771052
5.54517744448
5.91889385427
5.41164605186
5.45103845357
5.7899601709
5.52942908751
5.72031177661
5.69035945432
5.51342874616
5.73009978297
5.76205138278
4.94875989038
5.68357976734
5.42934562895
5.67332326717
6.14632925767
5.52545293913
5.82304589548
5.53733426702
5.23644196283
5.96357934362
5.84643877506
5.45103845357
5.25227342805
5.44673737167
5.46383180503
5.45103845357
5.84643877506
5.72358510195
5.93224518745
5.34233425196
5.72358510195
5.75890177388
5.86646805693
5.20948615284
5.20400668708
4.97673374242
5.63478960317
4.94164242261
5.40267738187
5.58349630878
5.43372200355
5.48479693349
6.47850964221
5.70044357339
6.44888939415
5.23110861685
6.01371515604
5.51342874616
5.26785815906
5.13579843705
5.23110861685
5.72684774759
5.48479693349
6.12468339089
5.91079664404
5.75574221359
5.76832099579
5.47646355193
5.38449506279
5.68697535634
5.39816270152
5.80211837538
5.45958551414
5.67675380227
5.05624580535
5.24702407216
5.88332238849
5.6058020663
5.45958551414
5.27811465923
5.43807930892
5.30330490806
5.5872486584
5.40267738187
5.50125821054
5.6937321388
5.92425579741
5.48479693349
6.70808408385
5.35185813348
5.52545293913
5.27299955856
5.17614973257
5.53338948873
6.2085900261
5.42053499927
5.37063802813
5.40267738187
5.94803498918
5.09375020081
5.60211882088
5.64897423816
5.5568280617
5.08140436498
5.81413053183
5.47227067367
6.49223983502
5.56834450376
5.39816270152
5.46806014114
5.99645208862
5.31320597904
5.60211882088
5.76832099579
5.81711115996
5.5568280617
5.65948221576
5.44673737167
5.45532111536
5.57594910315
5.23644196283
5.56068163102
5.45103845357
5.59098698051
5.52545293913
6.18826412308
5.53733426702
5.35185813348
5.82894561761
5.38907172982
5.48893772616
5.30330490806
5.66642668811
5.40717177146
5.64897423816
5.54517744448
5.30330490806
5.51745289646
5.56452040732
5.45103845357
5.31320597904
5.30330490806
6.09807428217
5.67675380227
5.5872486584
5.72684774759
5.44673737167
6.09807428217
5.61312810639
5.64190707094
5.5490760849
5.5490760849
5.27811465923
5.9763509093
5.84354441703
5.40267738187
5.23110861685
5.36129216571
5.2626901889
5.89989735358
5.93489419562
6.08221891038
5.92157841964
5.42053499927
5.87493073085
6.32076829425
5.43807930892
5.6058020663
5.25227342805
5.63835466933
5.35658627467
5.52545293913
5.64190707094
5.71373280551
5.83188247728
5.52146091786
5.5490760849
5.62762111369
5.61312810639
6.26909628371
5.86929691313
5.27299955856
5.37527840768
5.64897423816
5.92692602597
5.84643877506
5.27811465923
5.09986642782
5.55295958492
6.18208490672
5.42934562895
6.14203740559
5.67332326717
5.62401750619
5.50938833663
5.65948221576
6.23832462504
5.25749537203
6.51767127291
5.36597601502
5.82600010738
5.6058020663
5.65248918027
5.89164421183
5.77455154554
5.37527840768
5.52146091786
5.22035582508
6.51471269087
5.43372200355
5.62040086572
5.65948221576
5.63121178182
5.56452040732
5.47646355193
5.51745289646
5.60947179518
5.40717177146
5.99146454711
5.82600010738
5.33271879327
5.8550719222
5.68017260902
5.43807930892
5.54517744448
5.47646355193
5.5872486584
5.89715386764
5.56834450376
5.38449506279
5.80814248998
4.92725368516
5.04985600725
5.52545293913
5.27811465923
5.56452040732
5.50533153593
5.46806014114
5.42053499927
6.35262939632
5.69709348651
5.62762111369
5.94279937513
6.62273632395
5.45958551414
5.19849703127
5.77765232322
5.32300997914
5.84354441703
5.58349630878
5.47646355193
5.7333412769
5.82600010738
5.28826703069
6.77193555584
5.60947179518
5.68357976734
5.64190707094
6.01371515604
5.43372200355
6.09582456243
6.1862086239
6.16751649089
5.91350300564
7.29029288245
5.24174701506
5.60947179518
5.55295958492
5.56068163102
5.90536184805
5.87773578178
5.91079664404
5.29831736655
5.87211778948
5.64544689764
5.65248918027
5.73979291218
5.59098698051
5.80814248998
5.92958914339
5.19295685089
5.5568280617
6.86066367145
5.61677109767
6.48004456193
5.71702770141
5.28320372874
5.62040086572
5.5490760849
5.53338948873
5.61312810639
5.90808293817
5.89989735358
5.31320597904
5.45958551414
5.6058020663
5.51342874616
5.29831736655
5.64897423816
6.05443934627
5.64190707094
5.11198778836
6.77992190747
5.89715386764
5.58349630878
5.57972982599
6.37161184723
5.53733426702
5.27299955856
5.42053499927
5.89164421183
5.87493073085
5.3082676974
5.84064165737
5.71702770141
5.30330490806
5.91620206261
5.68017260902
5.44673737167
6.05208916892
5.72358510195
5.5947113796
6.18208490672
5.85220247977
5.56834450376
5.4161004022
5.53733426702
5.53338948873
5.82304589548
5.86929691313
5.82600010738
5.53733426702
6.03068526026
5.68017260902
5.5947113796
5.58349630878
5.45103845357
5.28826703069
5.60211882088
5.89715386764
5.82304589548
5.598421959
5.81711115996
5.51745289646
6.1527326947
5.5568280617
5.73979291218
5.82600010738
5.47227067367
5.08140436498
5.93224518745
5.93753620508
5.73979291218
6.18208490672
5.63121178182
6.29341927885
5.73657229748
5.92425579741
5.46806014114
5.52942908751
5.92157841964
5.42495001748
5.4161004022
5.78382518233
5.52545293913
5.95842469303
5.88610403145
6.12468339089
5.91350300564
5.70378247466
5.66988092298
5.50533153593
5.81413053183
5.56834450376
5.72358510195
5.65948221576
5.51745289646
6.3561076607
5.34710753072
6.53087762773
5.54517744448
5.5872486584
5.5490760849
5.47227067367
5.77144112313
6.02827852023
5.57972982599
5.78074351579
5.79605775077
5.62401750619
5.72031177661
5.79301360838
5.80814248998
5.76832099579
6.53669159759
5.75257263883
5.66642668811
5.9788857649
5.80513496892
6.12029741895
5.44673737167
5.53733426702
5.35185813348
5.76519110278
6.32076829425
5.42495001748
5.52545293913
5.68357976734
5.88610403145
5.72684774759
5.92425579741
5.46383180503
5.82304589548
5.68697535634
5.60947179518
6.1527326947
5.56834450376
6.34738920966
5.78382518233
5.65948221576
5.79605775077
5.51342874616
6.00141487796
5.57972982599
5.59098698051
5.55295958492
5.96870755999
5.90536184805
5.30330490806
5.94017125272
6.04263283368
5.98393628069
5.67332326717
6.47850964221
5.69709348651
5.28320372874
6.10479323241
5.53733426702
5.58349630878
5.95842469303
5.70378247466
5.85220247977
6.4676987261
6.04973345523
5.61312810639
5.9788857649
5.56068163102
5.52545293913
5.75574221359
6.09807428217
5.50938833663
5.42495001748
5.42934562895
5.32787616879
5.45532111536
5.32300997914
5.67675380227
6.4676987261
5.78689738137
5.93753620508
6.11589212548
6.11589212548
5.6937321388
5.92958914339
5.75890177388
5.63835466933
6.49223983502
6.07764224335
5.69709348651
6.07764224335
6.56948142041
5.81413053183
6.16331480403
5.92425579741
5.86646805693
5.8636311756
5.82008293035
5.89715386764
5.82008293035
5.37527840768
5.81413053183
5.8805329864
5.57215403218
6.10924758276
5.66642668811
5.94017125272
5.5568280617
6.27098843186
5.5872486584
5.83773044717
5.39362754635
6.60934924317
6.09807428217
5.59098698051
5.76519110278
5.3375380797
5.66642668811
5.75257263883
6.17170059741
5.43372200355
5.80211837538
5.99396142731
5.98141421125
6.14203740559
5.51745289646
6.070737728
5.59098698051
5.40267738187
5.9026333334
5.6058020663
5.78382518233
5.62762111369
5.77765232322
6.0161571597
5.53733426702
5.7899601709
5.64190707094
5.51342874616
6.09582456243
5.62762111369
5.60211882088
5.76519110278
5.39362754635
5.51745289646
5.98393628069
6.09807428217
6.21860011969
6.07534603109
5.26785815906
5.5568280617
5.44673737167
5.91079664404
5.51342874616
5.54517744448
5.42053499927
5.54517744448
5.80211837538
6.03548143252
5.94803498918
6.08449941308
5.77455154554
6.15697898559
5.69035945432
5.91620206261
5.29330482472
5.31320597904
5.61677109767
5.65948221576
5.58349630878
5.7333412769
6.0330862218
5.75890177388
5.85793315448
5.50938833663
6.2085900261
5.73657229748
5.46383180503
6.27287700655
5.06890420222
5.75890177388
5.77144112313
5.77455154554
5.71042701737
5.99146454711
5.5568280617
5.92425579741
6.11809719804
5.598421959
5.64544689764
6.37331978958
5.24174701506
5.6937321388
5.64544689764
5.91350300564
5.71373280551
6.08449941308
6.14418563413
5.5568280617
5.72031177661
6.07764224335
6.05443934627
5.95842469303
5.82894561761
5.44241771052
5.13579843705
5.7899601709
5.73979291218
5.83188247728
6.05678401323
5.51745289646
5.92425579741
5.56452040732
5.55295958492
5.82304589548
6.27476202124
5.66988092298
5.65948221576
6.52795791762
5.94017125272
6.06842558824
5.65599181082
6.16541785423
5.66988092298
5.71702770141
5.81413053183
5.63835466933
5.66988092298
5.66296048014
5.5947113796
5.5947113796
5.63121178182
6.58479139239
5.70378247466
5.87773578178
5.64190707094
6.4676987261
5.74620319054
5.7333412769
5.86646805693
6.14203740559
5.78074351579
6.43775164974
5.82304589548
5.91889385427
6.0330862218
6.10924758276
5.96614673912
5.74620319054
5.63478960317
6.0330862218
5.56452040732
5.78074351579
5.47227067367
5.87493073085
5.95583736946
5.76205138278
6.21260609575
6.03068526026
5.57594910315
6.25766758788
6.22455842928
6.3561076607
5.99396142731
5.64190707094
6.5666724298
5.49306144334
6.51174532964
5.63478960317
6.64509096951
5.57594910315
5.84932477995
6.20657592672
5.67332326717
5.63835466933
5.72358510195
5.68697535634
5.74620319054
5.75257263883
5.78074351579
5.80513496892
5.83481073706
5.92157841964
5.8805329864
5.36597601502
5.50533153593
6.08677472691
6.10031895202
7.10002716663
6.49223983502
6.17586727011
5.5872486584
5.57594910315
5.78382518233
6.26339826259
5.86929691313
5.8805329864
6.02102334935
5.62401750619
5.66988092298
6.3767269479
6.11368217983
5.5872486584
5.81711115996
5.84064165737
5.7899601709
6.53378883793
5.62401750619
6.25958146406
6.37161184723
5.80211837538
5.67675380227
5.96357934362
5.7333412769
5.54517744448
5.84643877506
6.41345895717
5.78074351579
5.4161004022
5.35658627467
5.95064255259
6.28599809451
5.62401750619
5.65948221576
5.82008293035
6.28413416107
5.99146454711
5.86078622347
5.56068163102
6.11368217983
6.05208916892
5.61312810639
6.49978704066
5.86929691313
5.8805329864
5.80513496892
5.62762111369
6.00141487796
6.59714570189
5.82894561761
5.598421959
5.77455154554
5.49716822529
5.75890177388
6.69456205852
6.30261897574
6.33682573115
5.82894561761
6.0185932145
5.9026333334
5.67332326717
5.91079664404
6.18826412308
6.29526600144
6.44094654063
6.41673228251
5.38449506279
5.54517744448
6.04025471128
5.25227342805
5.64897423816
5.89989735358
5.64897423816
5.87211778948
5.77765232322
5.70711026475
6.22851100359
5.98141421125
5.66988092298
5.76205138278
6.18414889094
5.8636311756
6.09130988208
5.68357976734
5.78074351579
5.86078622347
5.81114099298
5.42934562895
5.7333412769
6.05443934627
6.18001665365
5.84932477995
6.13988455223
5.72358510195
6.12905021006
6.39859493454
6.1114673395
5.5490760849
5.67332326717
5.83188247728
5.69035945432
5.81114099298
5.84643877506
5.87211778948
5.66988092298
5.71373280551
5.93753620508
6.14418563413
6.28785856016
5.86929691313
5.7333412769
5.53338948873
5.9788857649
5.61312810639
5.79605775077
6.10702288774
5.82600010738
5.84932477995
6.08221891038
6.15060276845
6.04973345523
5.41164605186
5.64544689764
5.91350300564
5.7899601709
5.77455154554
6.1862086239
5.97126183979
5.68697535634
5.81413053183
6.38350663488
6.03787091992
6.13988455223
6.21660610108
6.18208490672
6.71901315439
5.78382518233
5.95583736946
5.48479693349
6.18001665365
5.88610403145
5.7333412769
5.84932477995
5.57594910315
5.88610403145
5.70044357339
6.10702288774
5.95064255259
5.96870755999
6.09356977005
5.98393628069
5.7333412769
5.95064255259
6.20657592672
6.12029741895
5.94279937513
5.95583736946
6.66440902035
5.58349630878
6.05912319558
5.53733426702
5.81711115996
6.0063531596
5.87773578178
6.40191719673
5.92958914339
5.98393628069
5.68017260902
5.87493073085
6.06842558824
5.95324333429
5.70378247466
6.19031540585
5.8805329864
5.73657229748
5.89715386764
5.92157841964
5.71373280551
6.13556489108
5.48479693349
6.0112671744
5.78689738137
5.64190707094
5.82894561761
5.70378247466
5.87493073085
6.04025471128
5.5872486584
5.92425579741
5.78689738137
5.49306144334
5.68017260902
5.7899601709
6.09807428217
6.10702288774
6.43454651879
5.68697535634
5.86646805693
5.99645208862
6.11368217983
5.82600010738
7.08002649992
5.93489419562
5.43807930892
5.82008293035
6.14203740559
5.76519110278
6.17794411405
6.00881318544
6.09582456243
6.21660610108
5.69709348651
6.0730445341
5.90536184805
5.95583736946
6.22653666929
5.80814248998
6.34913899138
5.45103845357
6.1114673395
5.69035945432
5.96614673912
5.42495001748
5.55295958492
5.82304589548
5.76832099579
6.09356977005
5.94803498918
6.70808408385
6.68710860787
6.45047042214
5.86929691313
6.49375383985
6.16541785423
5.86646805693
5.5568280617
5.60211882088
6.20253551719
5.61312810639
6.3543700408
5.65948221576
6.0330862218
6.133398043
5.8636311756
5.74300318781
6.73221070647
5.74620319054
6.07764224335
6.41181826771
5.91620206261
6.28039583896
5.92425579741
5.77455154554
6.31535800152
6.27287700655
5.82894561761
6.17586727011
5.76205138278
6.55250788703
5.94542060861
6.35957386867
5.89715386764
6.77536609094
6.18001665365
5.62762111369
5.90536184805
6.28785856016
5.89440283426
6.26530121274
5.91079664404
5.7333412769
5.7333412769
6.29526600144
5.77765232322
5.88332238849
6.44094654063
6.0112671744
6.22455842928
6.09807428217
5.94017125272
6.76849321165
6.45833828334
6.58755001482
6.30991827823
6.52209279817
6.49978704066
6.0185932145
6.14846829592
5.77455154554
6.36818718635
6.14203740559
5.90808293817
6.48920493133
5.62762111369
6.11589212548
5.90536184805
6.15909538849
6.18208490672
5.8550719222
5.70044357339
5.87211778948
6.49677499019
6.50876913697
6.5750758406
5.94803498918
5.98645200528
5.95583736946
5.83188247728
5.87493073085
6.51174532964
6.02102334935
6.10702288774
6.02102334935
5.8550719222
5.39816270152
5.89989735358
5.94542060861
6.50876913697
5.80814248998
6.1862086239
6.05678401323
5.93753620508
5.69709348651
5.7333412769
5.92425579741
5.77455154554
6.00141487796
6.01371515604
6.56948142041
6.15697898559
5.74939298591
6.04263283368
6.12468339089
5.75574221359
7.20191631753
5.37527840768
6.0161571597
5.88610403145
6.41999492815
6.1737861039
5.93753620508
5.66642668811
5.9026333334
6.15697898559
6.6320017774
5.96100533962
6.0161571597
5.61677109767
6.05912319558
5.5490760849
6.12686918411
6.01371515604
6.14846829592
6.25958146406
6.03068526026
5.98645200528
6.06842558824
6.5610306659
5.96614673912
6.25958146406
5.83188247728
5.78074351579
5.87493073085
6.13772705409
5.86929691313
6.34035930373
5.73979291218
5.92958914339
5.98896141689
6.6039438246
6.42162226781
5.83773044717
5.86646805693
5.72358510195
6.45047042214
6.55819780281
5.95842469303
6.43775164974
5.99396142731
5.95842469303
5.66296048014
5.66296048014
5.80814248998
6.16541785423
6.55250788703
6.04263283368
6.62539236801
5.88332238849
6.19847871649
5.8805329864
5.77455154554
6.45047042214
6.10924758276
6.27476202124
5.77765232322
7.30317005124
6.21460809842
6.12468339089
5.86646805693
6.25575004175
5.99645208862
6.06378520869
5.94803498918
5.91079664404
5.96870755999
5.64544689764
5.56834450376
6.36818718635
6.0063531596
5.7899601709
6.0730445341
6.03068526026
5.96614673912
6.85224256905
5.89164421183
6.16331480403
6.02586597383
5.91350300564
6.36647044773
5.96870755999
6.17170059741
6.45833828334
6.31535800152
6.12249280951
5.79909265446
6.15060276845
5.83188247728
6.09582456243
6.21860011969
5.78689738137
5.70711026475
6.05208916892
5.91079664404
7.04053639022
7.01211529431
5.82304589548
5.7899601709
6.94889722231
6.22455842928
6.44094654063
6.45676965557
6.62539236801
5.6937321388
5.79909265446
6.11368217983
6.10702288774
5.99645208862
6.10924758276
6.32256523993
6.27098843186
6.18208490672
6.27098843186
5.97380961187
6.04500531404
5.72684774759
5.79301360838
5.65248918027
5.9026333334
6.24804287451
6.0799331951
6.81344459951
6.48616078894
6.68461172767
6.6066501862
6.06842558824
6.51914728794
6.12468339089
5.80814248998
6.55250788703
5.81114099298
6.17794411405
5.81413053183
6.05678401323
6.0185932145
5.91620206261
5.71702770141
5.62762111369
6.21660610108
6.070737728
5.91620206261
6.32256523993
6.22257626807
6.070737728
5.94279937513
6.13122648948
6.0063531596
6.67708346125
5.84932477995
6.29156913956
5.96100533962
6.01371515604
6.86066367145
6.29526600144
6.30444880242
6.0185932145
6.04025471128
5.92958914339
6.59441345975
6.24997524226
5.96614673912
6.25766758788
6.03787091992
6.02827852023
6.12686918411
5.89440283426
6.02586597383
5.8550719222
5.94279937513
5.61677109767
6.32076829425
5.8636311756
6.12029741895
6.34388043413
6.18208490672
6.08677472691
6.14203740559
6.52502965784
5.98393628069
5.96357934362
6.20455776257
6.6039438246
6.0799331951
6.49375383985
6.68085467879
6.08904487545
5.69709348651
5.96100533962
6.11368217983
6.02344759296
6.34738920966
6.36130247757
5.71042701737
5.98645200528
5.99893656195
6.1737861039
6.19031540585
5.73657229748
6.41181826771
5.72031177661
6.01371515604
5.76832099579
5.98141421125
6.77992190747
6.24416690066
5.54517744448
6.62273632395
6.31354804628
6.31535800152
6.12468339089
6.29156913956
7.23056315341
6.26149168432
6.3543700408
7.87853419614
5.27299955856
5.80211837538
6.2363695902
5.70378247466
5.78689738137
6.84906628263
5.59098698051
6.33327962814
6.00881318544
6.30078579466
6.06378520869
5.75574221359
6.05912319558
6.06842558824
6.01371515604
5.92692602597
6.13122648948
6.26909628371
5.9788857649
6.03068526026
5.84064165737
5.97126183979
5.9026333334
6.38687931936
6.20253551719
6.30991827823
6.10031895202
6.15060276845
5.61312810639
5.96614673912
6.05912319558
5.94542060861
6.13988455223
6.40357419793
6.02586597383
6.02102334935
6.03068526026
5.1416635565
6.5903010482
6.29156913956
6.20253551719
5.88887795833
6.08904487545
6.03548143252
6.51914728794
6.31896811375
6.03068526026
6.16961073249
6.29156913956
6.17586727011
5.87211778948
6.19847871649
5.62401750619
5.82600010738
6.4754327167
6.0161571597
6.32076829425
6.16961073249
5.82304589548
6.05208916892
5.31320597904
6.41673228251
6.14203740559
6.57228254269
5.70378247466
6.0330862218
6.29526600144
6.070737728
5.93753620508
6.32972090552
6.35957386867
5.9788857649
6.04973345523
6.1862086239
6.10702288774
5.42053499927
6.13772705409
6.04973345523
6.05678401323
6.14203740559
6.25766758788
5.93753620508
6.08677472691
5.9763509093
5.89715386764
6.04737217905
6.10924758276
6.02586597383
6.0161571597
6.16961073249
6.49375383985
6.53669159759
6.74641212857
5.69035945432
6.14203740559
6.14846829592
6.00141487796
6.14846829592
6.02586597383
5.97380961187
6.20050917404
6.21260609575
6.11368217983
6.56385552653
5.90536184805
6.31535800152
6.57228254269
6.16751649089
6.64118216974
5.93753620508
6.070737728
6.09807428217
6.46146817635
6.47850964221
5.98645200528
6.11589212548
6.16331480403
5.86646805693
6.45676965557
6.00388706711
6.52209279817
6.05912319558
6.49677499019
6.07534603109
5.91620206261
6.31354804628
6.52502965784
6.30991827823
6.02827852023
6.28785856016
5.88610403145
6.02344759296
6.4754327167
6.69084227742
6.26149168432
6.7833252006
6.26149168432
5.95324333429
6.1527326947
6.13122648948
6.23048144758
5.94542060861
5.47227067367
6.46146817635
5.9026333334
6.133398043
6.3767269479
6.28413416107
6.37161184723
6.17170059741
5.70378247466
6.10031895202
6.43454651879
6.04500531404
6.06378520869
6.41181826771
6.37161184723
6.11368217983
6.40357419793
6.21660610108
6.27476202124
6.02344759296
5.81413053183
5.73979291218
6.29526600144
6.49375383985
5.82304589548
6.08221891038
6.23244801655
6.04973345523
5.61677109767
6.05443934627
6.13988455223
6.10924758276
5.77455154554
6.32256523993
6.23244801655
6.18826412308
7.08506429395
6.14203740559
6.48616078894
6.24027584517
6.44571981939
5.94542060861
5.92958914339
6.08449941308
6.15485809402
5.80211837538
6.8936563546
5.89989735358
6.34388043413
6.14846829592
6.40852879106
5.79909265446
5.83188247728
6.1737861039
6.43294009274
5.88610403145
6.0661080901
6.133398043
6.05678401323
5.97126183979
6.39692965522
6.05443934627
5.5872486584
6.65415252018
6.35957386867
6.06842558824
6.16331480403
5.50938833663
6.54247196051
6.1527326947
6.63856778917
6.24804287451
6.13122648948
6.05912319558
5.79301360838
6.08221891038
6.05208916892
5.96357934362
6.80239476332
6.45676965557
6.66440902035
6.59987049921
6.30444880242
5.95064255259
5.95324333429
5.84064165737
6.50578406013
6.27664348934
6.10924758276
6.40852879106
6.73221070647
6.12029741895
6.58479139239
6.15697898559
6.09582456243
5.77144112313
6.11589212548
6.36475075685
6.43294009274
6.24416690066
6.82110747226
6.16541785423
6.25382881158
6.02102334935
6.05208916892
6.50876913697
6.25766758788
6.30627528695
5.60211882088
5.93753620508
5.62762111369
5.92958914339
6.18208490672
6.30261897574
6.37842618365
6.05912319558
5.67332326717
7.00306545879
6.34388043413
6.08449941308
6.41345895717
5.98393628069
6.43775164974
6.12029741895
6.49677499019
5.94542060861
6.39859493454
6.2085900261
6.38181601741
6.03787091992
6.40191719673
6.23244801655
6.99850964225
6.42486902391
6.26149168432
6.19031540585
6.35262939632
6.36475075685
6.30078579466
5.77765232322
6.49677499019
6.31173480915
6.32256523993
6.14203740559
6.08221891038
6.1737861039
6.28785856016
5.94542060861
6.88448665204
6.06145691893
6.23244801655
6.24610676548
5.89440283426
6.36818718635
5.94017125272
5.8550719222
6.133398043
6.30444880242
6.17586727011
6.01371515604
6.09807428217
6.7833252006
6.82110747226
6.0112671744
6.30444880242
6.12468339089
6.0730445341
6.0161571597
6.31354804628
6.09356977005
6.34913899138
5.71042701737
6.08904487545
6.21860011969
6.51914728794
6.0330862218
6.35957386867
5.82304589548
6.51174532964
6.20657592672
5.96100533962
6.36130247757
6.24222326546
6.26909628371
6.56385552653
6.7833252006
6.20253551719
6.0185932145
5.78074351579
6.80239476332
6.06842558824
6.74288063579
6.08221891038
6.25766758788
5.64897423816
5.76205138278
6.22455842928
6.2822667469
6.21460809842
6.10031895202
6.21260609575
6.14203740559
6.37331978958
6.00881318544
6.30991827823
5.50533153593
6.28413416107
6.55250788703
6.39859493454
6.35262939632
5.72684774759
6.0730445341
6.09807428217
6.30261897574
6.14418563413
6.66057514984
6.3543700408
6.0112671744
5.44673737167
6.05912319558
5.99893656195
6.00881318544
5.84932477995
6.41181826771
6.48310735146
6.11589212548
6.81783057145
6.23048144758
6.2822667469
5.91889385427
6.24610676548
7.10002716663
6.20657592672
6.10924758276
6.40852879106
6.18826412308
6.0330862218
6.04263283368
6.16961073249
6.8936563546
5.98896141689
6.6039438246
6.2205901701
5.92425579741
6.40687998607
5.67332326717
6.32972090552
6.12468339089
6.2205901701
6.09130988208
6.48616078894
6.46146817635
6.3561076607
6.49223983502
6.72503364217
6.44094654063
6.5903010482
6.16331480403
6.43454651879
6.49223983502
6.22653666929
6.05208916892
6.23048144758
6.17586727011
6.14203740559
6.53669159759
6.12468339089
5.96100533962
6.30444880242
6.6066501862
6.24027584517
6.12905021006
6.86484777797
5.74939298591
5.96870755999
6.40852879106
6.1114673395
6.84906628263
6.17586727011
5.94279937513
5.84643877506
6.15060276845
6.08221891038
6.23048144758
6.41999492815
6.05208916892
6.39692965522
6.09807428217
6.08904487545
5.91620206261
6.10255859461
6.04500531404
5.98141421125
6.30261897574
5.6058020663
6.04263283368
5.78074351579
5.87211778948
6.16751649089
5.44673737167
6.22257626807
6.18001665365
6.56948142041
6.28785856016
6.4692503168
6.29156913956
6.22851100359
6.08449941308
6.32076829425
6.53958595562
6.28599809451
6.2363695902
6.75809450443
6.1737861039
6.07534603109
6.31896811375
6.94408720823
6.06842558824
6.31354804628
6.47850964221
6.13556489108
6.5903010482
5.99645208862
6.19236248947
6.02586597383
6.13122648948
6.2363695902
6.40191719673
6.45833828334
6.13556489108
6.15485809402
6.27476202124
6.13988455223
6.1114673395
6.3543700408
6.14203740559
6.2363695902
6.30991827823
6.22851100359
6.21060007702
6.36130247757
6.26149168432
6.37331978958
6.34035930373
6.24610676548
5.8636311756
6.17794411405
6.15909538849
6.18826412308
6.42162226781
6.06145691893
6.29710931993
6.79458658088
5.598421959
6.24610676548
6.24222326546
6.3561076607
6.2205901701
7.00760061395
6.90575327631
6.05443934627
6.89770494313
6.50578406013
6.25575004175
6.45362499889
6.40191719673
6.0063531596
6.27287700655
6.14632925767
6.42162226781
6.45833828334
6.79794041297
6.20253551719
5.83773044717
6.17586727011
6.52795791762
5.81711115996
5.98645200528
6.29156913956
6.6066501862
6.13772705409
6.02586597383
5.8550719222
5.6937321388
6.17586727011
8.07433769409
6.42486902391
6.26530121274
6.18826412308
6.80239476332
6.14418563413
6.3543700408
7.04053639022
6.38181601741
6.82110747226
6.50279004592
5.74300318781
5.63835466933
6.53087762773
6.64118216974
6.07764224335
5.98645200528
6.24416690066
6.37842618365
6.24997524226
6.11589212548
5.95324333429
6.41673228251
6.41345895717
6.21060007702
6.31173480915
6.10924758276
6.5610306659
6.05678401323
6.0661080901
6.14418563413
6.14846829592
6.53958595562
6.43775164974
6.53087762773
6.21660610108
6.38856140555
6.67708346125
6.4723462945
6.5750758406
6.53958595562
6.2205901701
6.59441345975
6.07764224335
6.36475075685
6.18826412308
6.63463335786
7.00306545879
6.06842558824
6.12905021006
7.16317239085
5.95842469303
6.52795791762
6.81014245012
6.31896811375
6.3561076607
6.88448665204
6.40357419793
5.62762111369
6.1612073217
6.15060276845
6.53958595562
6.25575004175
6.07764224335
6.04500531404
6.40852879106
6.6066501862
7.09007683578
6.6039438246
6.48920493133
5.83773044717
6.30261897574
6.13556489108
6.84054652929
6.39859493454
5.69709348651
6.16331480403
6.64509096951
6.34738920966
6.6039438246
6.18001665365
6.71901315439
6.39692965522
6.37161184723
6.16961073249
6.1737861039
7.76302130902
6.22455842928
5.71702770141
6.57228254269
6.24027584517
6.11809719804
6.36130247757
6.35957386867
6.28599809451
6.24027584517
6.30261897574
6.03787091992
6.65157187359
6.70808408385
7.58222919428
6.32793678373
6.4754327167
6.22455842928
6.30078579466
6.29341927885
6.74641212857
6.41999492815
6.25766758788
6.26909628371
6.1737861039
6.02344759296
5.98645200528
6.38856140555
6.15909538849
6.50578406013
6.56948142041
6.51767127291
6.54534966033
6.40357419793
6.36818718635
6.3767269479
6.5666724298
5.95842469303
5.99645208862
6.24997524226
6.54821910276
6.39359075395
6.65801104587
6.5666724298
7.14203657471
6.72142570079
6.43454651879
6.68710860787
6.30261897574
6.02586597383
6.11368217983
6.36475075685
6.51174532964
6.1862086239
6.38687931936
6.77992190747
6.16541785423
6.52209279817
6.0063531596
6.41999492815
6.13556489108
6.51174532964
6.09807428217
6.17586727011
6.70808408385
6.31896811375
6.03548143252
6.35262939632
6.4754327167
6.52795791762
6.42162226781
6.23048144758
5.94803498918
6.17170059741
6.17794411405
6.40852879106
6.88448665204
6.45833828334
6.74641212857
6.61204103483
6.77992190747
6.49375383985
6.31896811375
6.74288063579
6.26149168432
5.77455154554
6.26530121274
6.19236248947
6.62539236801
5.62040086572
6.13122648948
5.75890177388
6.53378883793
6.44888939415
6.06378520869
6.64768837356
6.38687931936
6.06842558824
6.00141487796
6.41999492815
6.29526600144
6.24027584517
6.5610306659
6.09356977005
6.85646198459
6.46458830369
6.24804287451
5.98645200528
6.27287700655
6.15909538849
6.66695679243
6.45833828334
6.58755001482
6.59441345975
6.94408720823
6.18208490672
6.28039583896
6.50578406013
6.47850964221
6.14632925767
6.34738920966
6.40191719673
6.25382881158
6.4723462945
6.61204103483
6.96602418711
6.30444880242
6.40191719673
6.34913899138
6.43454651879
6.79794041297
6.25766758788
6.40357419793
6.00881318544
6.64509096951
6.00881318544
6.46146817635
6.21260609575
6.17794411405
6.42486902391
6.54247196051
6.1862086239
7.67786350068
6.30991827823
6.23048144758
6.05443934627
7.06987412846
6.34738920966
5.92692602597
6.71174039506
5.96614673912
6.92264389148
6.4723462945
6.36475075685
6.48004456193
6.42486902391
6.4676987261
6.15697898559
6.28599809451
6.73578001424
6.82871207164
6.59987049921
5.69035945432
7.53422832627
6.53378883793
6.50279004592
6.3767269479
6.30444880242
6.24222326546
6.22851100359
6.18001665365
6.27476202124
6.45047042214
6.37842618365
7.1260872733
6.6039438246
6.31173480915
6.72503364217
6.0063531596
7.36073990306
6.51767127291
6.22455842928
6.23832462504
6.58202513889
6.28785856016
7.8674885687
6.39191711339
5.99396142731
5.9763509093
6.26530121274
6.60934924317
6.50279004592
6.46146817635
6.92264389148
6.16751649089
6.21460809842
6.36818718635
6.35957386867
7.18538701558
6.59714570189
5.72031177661
6.11368217983
6.26530121274
6.25958146406
6.53958595562
6.59987049921
6.65415252018
7.20191631753
6.48920493133
6.50876913697
6.56385552653
6.30444880242
6.34212141872
6.28039583896
6.38181601741
6.52502965784
6.21660610108
6.09582456243
6.72142570079
6.44094654063
6.70441435496
6.34388043413
6.8936563546
6.69456205852
6.72862861308
5.50938833663
5.86646805693
6.40357419793
6.38687931936
6.74993119379
6.16961073249
6.33327962814
6.45047042214
6.34913899138
5.78382518233
6.29526600144
6.59987049921
6.02827852023
6.90975328164
6.53669159759
6.40357419793
6.53087762773
6.49677499019
6.60934924317
6.52795791762
6.30261897574
6.51174532964
6.22653666929
6.38687931936
6.65801104587
6.4676987261
6.35262939632
6.3561076607
6.57925121201
6.65157187359
6.49978704066
6.15697898559
6.25575004175
6.02827852023
6.40357419793
6.39859493454
6.82110747226
6.5610306659
6.25766758788
6.49677499019
6.3543700408
6.53378883793
6.59714570189
6.36130247757
6.69826805412
6.28785856016
6.92264389148
6.41999492815
6.38687931936
6.30991827823
6.3543700408
7.02108396429
6.31896811375
6.4754327167
6.46146817635
6.95272864462
6.30991827823
6.27664348934
6.21060007702
6.52795791762
6.62804137618
6.62539236801
6.30991827823
7.50328963068
6.59714570189
6.22257626807
6.30627528695
6.80572255342
6.09582456243
6.65801104587
6.33682573115
6.16751649089
7.15773548425
6.18208490672
6.50279004592
6.45047042214
6.61204103483
7.08002649992
6.0330862218
6.5666724298
6.23832462504
6.68710860787
6.31896811375
6.13772705409
6.34388043413
7.07496319797
6.14203740559
6.65415252018
6.67456139181
6.72862861308
6.38687931936
6.53958595562
5.88887795833
6.51471269087
6.32614947316
6.40191719673
6.21660610108
6.72862861308
7.74370325817
6.41345895717
6.00141487796
6.55819780281
6.65157187359
6.14203740559
6.50279004592
6.26530121274
6.57925121201
6.57228254269
6.14203740559
6.1737861039
6.25766758788
6.36818718635
6.65801104587
6.62804137618
6.14632925767
6.63856778917
6.19847871649
7.34794382315
7.0264268087
6.74641212857
6.96224346427
6.29526600144
7.67786350068
6.48310735146
7.05012252027
6.6066501862
6.64509096951
6.95749737088
6.43294009274
5.75890177388
6.38350663488
6.99850964225
6.3561076607
7.06987412846
6.48310735146
7.07496319797
6.59714570189
6.90575327631
6.62539236801
6.55250788703
6.51767127291
6.74641212857
6.40357419793
6.51471269087
6.38687931936
6.24222326546
5.81711115996
6.22455842928
6.37161184723
6.22653666929
6.24416690066
6.86066367145
6.23832462504
6.20050917404
6.86484777797
6.44571981939
5.88887795833
6.90173720666
6.09807428217
6.36647044773
6.53378883793
6.65801104587
6.4692503168
6.34738920966
6.41673228251
6.27664348934
6.34388043413
6.55250788703
7.29709100516
6.27098843186
6.09807428217
6.48004456193
5.89440283426
6.40191719673
6.25958146406
6.72142570079
6.40191719673
6.29710931993
6.82546003626
6.90173720666
6.2822667469
6.63856778917
6.3350542515
5.60211882088
6.70441435496
6.29526600144
6.58479139239
6.42162226781
6.66695679243
7.00760061395
6.85646198459
6.5666724298
5.90536184805
6.15485809402
6.88857245957
7.00306545879
6.64509096951
6.67456139181
6.58479139239
6.99850964225
6.04500531404
6.32076829425
6.38350663488
6.59714570189
6.73221070647
6.14203740559
6.03787091992
6.27476202124
7.1793079695
6.50578406013
6.24610676548
6.70073110955
6.3350542515
6.05678401323
6.44094654063
6.54534966033
6.42648845746
5.87211778948
6.45676965557
6.71901315439
6.08449941308
7.02108396429
6.37842618365
6.70808408385
6.49677499019
6.39859493454
8.00903068507
6.54821910276
6.6320017774
6.52209279817
6.75809450443
6.37842618365
6.45833828334
6.84054652929
6.79794041297
6.74993119379
6.31173480915
6.09356977005
6.28599809451
6.14846829592
6.52502965784
6.4754327167
6.71174039506
6.27664348934
6.30991827823
6.30991827823
6.72503364217
6.72862861308
6.46458830369
6.52795791762
6.88857245957
6.3561076607
6.81344459951
6.21060007702
6.34388043413
6.78671695061
6.06145691893
6.69456205852
6.2205901701
7.48042830607
6.67456139181
6.55535689181
6.38856140555
6.30444880242
6.49375383985
7.34148385236
6.21460809842
6.38181601741
6.68710860787
6.34913899138
6.3561076607
7.03085747612
6.39692965522
6.29156913956
6.61204103483
6.36130247757
6.92264389148
6.04500531404
6.90173720666
6.68085467879
6.32793678373
6.45362499889
5.89440283426
6.7833252006
6.55819780281
6.38687931936
6.30627528695
7.03614849375
6.31535800152
6.41673228251
6.31896811375
6.39359075395
6.77193555584
6.43294009274
6.38350663488
8.02158453346
6.6066501862
6.22455842928
6.53669159759
6.36647044773
6.58755001482
5.92425579741
7.03085747612
6.61204103483
6.92657703322
6.23832462504
6.84054652929
7.58222919428
6.4723462945
6.27098843186
5.83188247728
6.98933526597
6.48004456193
5.78689738137
6.2822667469
6.69456205852
6.46458830369
6.30627528695
6.70441435496
6.86484777797
6.13772705409
6.36818718635
6.54247196051
6.26909628371
6.5903010482
6.34212141872
6.49978704066
6.40191719673
6.44888939415
6.12249280951
6.70073110955
6.73221070647
6.29341927885
6.55819780281
6.32076829425
6.53378883793
6.32256523993
6.22851100359
6.47850964221
7.01660968389
6.79122146273
6.51174532964
6.5610306659
6.71174039506
6.53669159759
6.41345895717
6.74288063579
6.91373735066
6.51471269087
6.95272864462
6.96224346427
6.44254016647
7.1308988303
6.42486902391
5.96357934362
6.2363695902
6.84054652929
6.68085467879
6.35957386867
6.33682573115
6.31896811375
6.40687998607
6.71174039506
6.31173480915
6.53958595562
6.49223983502
5.95842469303
6.43294009274
6.32256523993
7.05961762829
6.10924758276
6.30991827823
6.69084227742
6.17794411405
6.36818718635
7.14677217945
6.37161184723
6.40357419793
6.26530121274
6.41999492815
6.78671695061
6.25958146406
6.41673228251
6.83303173279
6.83625927728
6.51471269087
6.66695679243
7.29029288245
6.4676987261
6.37842618365
6.35262939632
6.45676965557
6.61606518513
6.45676965557
6.67456139181
6.83303173279
6.80572255342
6.45047042214
6.91373735066
6.19031540585
7.87853419614
6.41345895717
6.48310735146
6.37331978958
6.64509096951
6.08904487545
6.40191719673
6.30627528695
6.26530121274
6.86484777797
6.57228254269
6.28785856016
6.45362499889
5.89440283426
6.67076632085
6.38181601741
6.3767269479
7.51097775201
6.86901445067
6.67708346125
6.29341927885
6.46458830369
6.32076829425
6.53958595562
6.94022246912
6.68710860787
6.0161571597
6.52795791762
6.96602418711
6.96602418711
6.57925121201
6.3350542515
6.98471632012
6.47850964221
6.18826412308
6.8936563546
6.59441345975
6.61873898352
6.37161184723
6.85224256905
6.76503897678
6.50279004592
6.45676965557
6.35262939632
6.29341927885
6.1114673395
6.72142570079
6.55535689181
6.26909628371
6.67708346125
6.7534379186
6.84906628263
6.92264389148
6.08677472691
7.22475340577
6.95272864462
6.59441345975
6.51471269087
6.20050917404
7.01660968389
6.31535800152
6.66695679243
6.55535689181
7.34148385236
6.74288063579
6.27664348934
6.2822667469
6.36647044773
6.7534379186
6.51471269087
6.77193555584
6.61606518513
6.53958595562
6.54821910276
6.48004456193
6.26909628371
6.67076632085
6.29341927885
6.3350542515
6.83625927728
6.77536609094
7.05531284334
6.50876913697
6.0661080901
7.55013534249